00000000000000000000000000010111
10001111100100000000000000000000
00100000000010000000000000000101
00100001000100010000000000000000
00100010001100011111111111111111
00100000000100100000000000000000
00100000000101000000000000000001
00100011100001100000000000000000
00101010001001000000000000000010
00010100100000000000000000001111
00000010010100010100100000101010
00010101001101000000000000001011
10001100110010100000000000000000
10001100110010110000000000000001
00000001011010100110000000101010
00010101100000000000000000000010
00001000000000000000000000010010
10101100110010110000000000000000
10101100110010100000000000000001
00100010010100100000000000000001
00100000110001100000000000000001
00001000000000000000000000001001
00100010001100011111111111111111
00001000000000000000000000000110
00000000000000000000000000000101
00000000000000000000000000000010
00000000000000000000000000000111
00000000000000000000000000000001
00000000000000000000000000000110